(7.242789430625896e-07, 0.00011362275806437675): 0.002552881108679796
(0.00011362275806437675, 0.00015994121193165192): 0.0007296607077708865
(0.00015994121193165192, 0.00019968104051683292): 0.002553812477198103
(0.00019968104051683292, 0.0002370672923108873): 0.0029175784099197666
(0.0002370672923108873, 0.0002728345845876584): 0.0018241517694272164
(0.0002728345845876584, 0.0003085102166679525): 0.0021889821233126595
(0.0003085102166679525, 0.0003431757912432251): 0.0018234865061998542
(0.0003431757912432251, 0.0003779480344816293): 0.0010944910616563297
(0.0003779480344816293, 0.00041453253748203095): 0.003283473184968989
(0.00041453253748203095, 0.00044928711902573245): 0.0007293946024799417
(0.00044928711902573245, 0.0004842602811450918): 0.001459321415541773
(0.0004842602811450918, 0.0005200711512533728): 0.0021889821233126595
(0.0005200711512533728, 0.0005571239312436062): 0.0010940919037199124
(0.0005571239312436062, 0.0005931925275538158): 0.001459321415541773
(0.0005931925275538158, 0.0006302222847370256): 0.002553812477198103
(0.0006302222847370256, 0.0006666508084702153): 0.0032822757111597373
(0.0006666508084702153, 0.0007043472194110247): 0.0018241517694272164
(0.0007043472194110247, 0.0007418628732693185): 0.001459321415541773
(0.0007418628732693185, 0.0007788762299288678): 0.002552881108679796
(0.0007788762299288678, 0.0008150178477976691): 0.0018241517694272164
(0.0008150178477976691, 0.0008534006381046229): 0.002553812477198103
(0.0008534006381046229, 0.0008909486128868499): 0.0018234865061998542
(0.0008909486128868499, 0.0009285371674969265): 0.0021889821233126595
(0.0009285371674969265, 0.0009673433528735048): 0.0021889821233126595
(0.0009673433528735048, 0.0010064907094408137): 0.002552881108679796
(0.0010064907094408137, 0.0010445872858670195): 0.001459321415541773
(0.0010445872858670195, 0.0010839804023702099): 0.004013133892739876
(0.0010839804023702099, 0.0011225625795342566): 0.0018234865061998542
(0.0011225625795342566, 0.0011629100601543115): 0.0007296607077708865
(0.0011629100601543115, 0.0012024721749737018): 0.0010944910616563297
(0.0012024721749737018, 0.0012437172637358369): 0.00036469730123997083
(0.0012437172637358369, 0.001284415634258224): 0.001459321415541773
(0.001284415634258224, 0.0013247099771357053): 0.001459321415541773
(0.0013247099771357053, 0.0013644682230301271): 0.002552881108679796
(0.0013644682230301271, 0.0014063166460654706): 0.002553812477198103
(0.0014063166460654706, 0.0014461430651673867): 0.0007296607077708865
(0.0014461430651673867, 0.0014878253429060364): 0.0007293946024799417
(0.0014878253429060364, 0.0015286907129376617): 0.002918642831083546
(0.0015286907129376617, 0.0015710084400619674): 0.004013133892739876
(0.0015710084400619674, 0.0016135831419737709): 0.0018234865061998542
(0.0016135831419737709, 0.0016553508861611884): 0.0036483035388544327
(0.0016553508861611884, 0.0016964641833748582): 0.002918642831083546
(0.0016964641833748582, 0.001738753803141817): 0.0018234865061998542
(0.001738753803141817, 0.0017797028949787523): 0.0010944910616563297
(0.0017797028949787523, 0.0018230825738954903): 0.002553812477198103
(0.0018230825738954903, 0.0018656085979880453): 0.0029175784099197666
(0.0018656085979880453, 0.0019091598740454416): 0.0018241517694272164
(0.0019091598740454416, 0.0019524876573452695): 0.002918642831083546
(0.0019524876573452695, 0.0019951015179863474): 0.0014587892049598833
(0.0019951015179863474, 0.0020395946926794785): 0.0021889821233126595
(0.0020395946926794785, 0.0020838458179784783): 0.003283473184968989
(0.0020838458179784783, 0.002127013120544984): 0.0036469730123997084
(0.002127013120544984, 0.002171239213446605): 0.0018241517694272164
(0.002171239213446605, 0.002215944034910271): 0.004377964246625319
(0.002215944034910271, 0.002259226803207806): 0.002552881108679796
(0.002259226803207806, 0.0023046961821757963): 0.002553812477198103
(0.0023046961821757963, 0.0023501779074581826): 0.005837285662167092
(0.0023501779074581826, 0.002394843936114041): 0.0029175784099197666
(0.002394843936114041, 0.0024388658940828287): 0.002553812477198103
(0.0024388658940828287, 0.0024838200530436986): 0.0021889821233126595
(0.0024838200530436986, 0.002528089965111172): 0.0029175784099197666
(0.002528089965111172, 0.0025725635602706566): 0.002918642831083546
(0.0025725635602706566, 0.0026177000356015913): 0.005837285662167092
(0.0026177000356015913, 0.0026632382229542523): 0.0014587892049598833
(0.0026632382229542523, 0.0027098431854204997): 0.003283473184968989
(0.0027098431854204997, 0.0027574600753174474): 0.0018241517694272164
(0.0027574600753174474, 0.0028029535384863323): 0.0029175784099197666
(0.0028029535384863323, 0.002849296869265133): 0.004013133892739876
(0.002849296869265133, 0.0028959575427616674): 0.001459321415541773
(0.0028959575427616674, 0.0029418923437145583): 0.0032822757111597373
(0.0029418923437145583, 0.002989189228448613): 0.004013133892739876
(0.002989189228448613, 0.003036837062774904): 0.003283473184968989
(0.003036837062774904, 0.0030831164393281215): 0.0036469730123997084
(0.0030831164393281215, 0.003128948593193092): 0.002918642831083546
(0.003128948593193092, 0.003175111676775773): 0.0036483035388544327
(0.003175111676775773, 0.0032218730571930967): 0.0040116703136396795
(0.0032218730571930967, 0.003269877889391371): 0.0018241517694272164
(0.003269877889391371, 0.003317183996067182): 0.002553812477198103
(0.003317183996067182, 0.0033637835398290326): 0.005105762217359592
(0.0033637835398290326, 0.0034103090437055026): 0.002553812477198103
(0.0034103090437055026, 0.003457726508216401): 0.0018241517694272164
(0.003457726508216401, 0.0035059324896359006): 0.002188183807439825
(0.0035059324896359006, 0.0035521343926956323): 0.003283473184968989
(0.0035521343926956323, 0.003599697286391903): 0.003283473184968989
(0.003599697286391903, 0.0036475894714196205): 0.0014587892049598833
(0.0036475894714196205, 0.003694807129308605): 0.003283473184968989
(0.003694807129308605, 0.003743561753836822): 0.002553812477198103
(0.003743561753836822, 0.003791683843556396): 0.002188183807439825
(0.003791683843556396, 0.0038398973722219764): 0.0047427946005107625
(0.0038398973722219764, 0.003888435891665831): 0.006202116016052536
(0.003888435891665831, 0.003935723221595199): 0.0040116703136396795
(0.003935723221595199, 0.003984006142389748): 0.002553812477198103
(0.003984006142389748, 0.004034236200705519): 0.002553812477198103
(0.004034236200705519, 0.004083516772393564): 0.0036469730123997084
(0.004083516772393564, 0.004131377109574063): 0.002553812477198103
(0.004131377109574063, 0.0041802777656344825): 0.004013133892739876
(0.0041802777656344825, 0.004230096056356166): 0.002552881108679796
(0.004230096056356166, 0.0042786608533491016): 0.004013133892739876
(0.0042786608533491016, 0.0043277749811257175): 0.002553812477198103
(0.0043277749811257175, 0.004377585916107526): 0.002918642831083546
(0.004377585916107526, 0.004425671694979481): 0.00437636761487965
(0.004425671694979481, 0.004475144381922429): 0.0021889821233126595
(0.004475144381922429, 0.004524349043333569): 0.0036483035388544327
(0.004524349043333569, 0.004574055886210415): 0.00437636761487965
(0.004574055886210415, 0.004623029173272302): 0.002918642831083546
(0.004623029173272302, 0.004672873190003103): 0.002918642831083546
(0.004672873190003103, 0.004723201768199907): 0.00437636761487965
(0.004723201768199907, 0.004775265471989289): 0.0036483035388544327
(0.004775265471989289, 0.004825669268858384): 0.004377964246625319
(0.004825669268858384, 0.004875072154875263): 0.0029175784099197666
(0.004875072154875263, 0.004926874320071928): 0.0047427946005107625
(0.004926874320071928, 0.0049774610782617286): 0.005472455308281649
(0.0049774610782617286, 0.005028973444842569): 0.0036469730123997084
(0.005028973444842569, 0.005080787585398508): 0.005472455308281649
(0.005080787585398508, 0.005132717009168018): 0.0036483035388544327
(0.005132717009168018, 0.005183985113940839): 0.006564551422319475
(0.005183985113940839, 0.005234996465306973): 0.0047427946005107625
(0.005234996465306973, 0.0052862923213551636): 0.0036483035388544327
(0.0052862923213551636, 0.005336587752706724): 0.007293946024799417
(0.005336587752706724, 0.0053871316940385565): 0.005107624954396206
(0.0053871316940385565, 0.005439102491138893): 0.005837285662167092
(0.005439102491138893, 0.005490465455512275): 0.005835156819839533
(0.005490465455512275, 0.005542684014689318): 0.005107624954396206
(0.005542684014689318, 0.0055933580084846345): 0.008026267785479753
(0.0055933580084846345, 0.0056440601051121085): 0.0040116703136396795
(0.0056440601051121085, 0.005695822544845987): 0.0047427946005107625
(0.005695822544845987, 0.00574869823749093): 0.004377964246625319
(0.00574869823749093, 0.005800971200770448): 0.005835156819839533
(0.005800971200770448, 0.005854308072873667): 0.004377964246625319
(0.005854308072873667, 0.0059064751448853125): 0.005107624954396206
(0.0059064751448853125, 0.005958360333076294): 0.006199854121079504
(0.005958360333076294, 0.006011473798771788): 0.0036483035388544327
(0.006011473798771788, 0.006066876670623135): 0.005107624954396206
(0.006066876670623135, 0.006120911592360553): 0.0036469730123997084
(0.006120911592360553, 0.006174007176312819): 0.002918642831083546
(0.006174007176312819, 0.006227608956025314): 0.0036483035388544327
(0.006227608956025314, 0.006281191442293223): 0.005105762217359592
(0.006281191442293223, 0.006333863369551539): 0.006566946369937978
(0.006333863369551539, 0.006386661176224081): 0.005107624954396206
(0.006386661176224081, 0.006441616039804644): 0.005470459518599562
(0.006441616039804644, 0.006494175674284877): 0.005837285662167092
(0.006494175674284877, 0.006549175313210927): 0.007661437431594309
(0.006549175313210927, 0.0066030224645221266): 0.006199854121079504
(0.0066030224645221266, 0.006657313601712729): 0.008026267785479753
(0.006657313601712729, 0.006711161568960076): 0.0072966070777088655
(0.006711161568960076, 0.0067654157382515566): 0.005470459518599562
(0.0067654157382515566, 0.006817909322661775): 0.004377964246625319
(0.006817909322661775, 0.006873528696756465): 0.007661437431594309
(0.006873528696756465, 0.006926788827449786): 0.002188183807439825
(0.006926788827449786, 0.006980289128952245): 0.005472455308281649
(0.006980289128952245, 0.007034655972382306): 0.005837285662167092
(0.007034655972382306, 0.0070890657157461): 0.007293946024799417
(0.0070890657157461, 0.007146089867443076): 0.0047427946005107625
(0.007146089867443076, 0.007202246048954671): 0.007661437431594309
(0.007202246048954671, 0.007258883225898109): 0.004741064916119621
(0.007258883225898109, 0.007315485286622561): 0.0072966070777088655
(0.007315485286622561, 0.007373470399369703): 0.005837285662167092
(0.007373470399369703, 0.007428272212823739): 0.006564551422319475
(0.007428272212823739, 0.007483562474691699): 0.006566946369937978
(0.007483562474691699, 0.007538597113002038): 0.006566946369937978
(0.007538597113002038, 0.007594651948788696): 0.006564551422319475
(0.007594651948788696, 0.007649426258586929): 0.006202116016052536
(0.007649426258586929, 0.007705488305072696): 0.0072966070777088655
(0.007705488305072696, 0.0077622272232862905): 0.007658643326039387
(0.0077622272232862905, 0.007821576576203268): 0.0047427946005107625
(0.007821576576203268, 0.007876194306350004): 0.0072966070777088655
(0.007876194306350004, 0.007933341756360578): 0.007293946024799417
(0.007933341756360578, 0.00799187235948995): 0.008755928493250638
(0.00799187235948995, 0.008050018944937228): 0.005472455308281649
(0.008050018944937228, 0.008107581261019785): 0.007293946024799417
(0.008107581261019785, 0.008164689166111246): 0.007661437431594309
(0.008164689166111246, 0.008222028973300209): 0.006202116016052536
(0.008222028973300209, 0.008281060153806386): 0.006564551422319475
(0.008281060153806386, 0.00833843409309302): 0.011674571324334184
(0.00833843409309302, 0.008397270537015403): 0.009485589201021525
(0.008397270537015403, 0.00845534358033917): 0.008388037928519328
(0.00845534358033917, 0.008512480108660264): 0.009120758847136081
(0.008512480108660264, 0.008571055201924097): 0.009485589201021525
(0.008571055201924097, 0.008628099395250806): 0.007658643326039387
(0.008628099395250806, 0.0086880772714832): 0.007661437431594309
(0.0086880772714832, 0.008748155603768142): 0.009485589201021525
(0.008748155603768142, 0.008808219913703789): 0.006929248723559446
(0.008808219913703789, 0.008868869105199443): 0.009485589201021525
(0.008868869105199443, 0.00892930277085053): 0.0072966070777088655
(0.00892930277085053, 0.008989462605524535): 0.009846827133479213
(0.008989462605524535, 0.00905101919768693): 0.008391098139365194
(0.00905101919768693, 0.009111790032776807): 0.0134987230937614
(0.009111790032776807, 0.009171976679130653): 0.008023340627279359
(0.009171976679130653, 0.009235004067648872): 0.010580080262677856
(0.009235004067648872, 0.009296617967699233): 0.008026267785479753
(0.009296617967699233, 0.009359860897009147): 0.009482129832239242
(0.009359860897009147, 0.009422252645814682): 0.009850419554906968
(0.009422252645814682, 0.009483653637153994): 0.013863553447646844
(0.009483653637153994, 0.009546806376824786): 0.010940919037199124
(0.009546806376824786, 0.009610199520419032): 0.006202116016052536
(0.009610199520419032, 0.009673942265891161): 0.009120758847136081
(0.009673942265891161, 0.00973782029218179): 0.012399708242159009
(0.00973782029218179, 0.009801790353678098): 0.006566946369937978
(0.009801790353678098, 0.009866515896840376): 0.008391098139365194
(0.009866515896840376, 0.009933339725299813): 0.009485589201021525
(0.009933339725299813, 0.010001092408820913): 0.011305616338439095
(0.010001092408820913, 0.010068644471135991): 0.010580080262677856
(0.010068644471135991, 0.010134476734046079): 0.012769062385990515
(0.010134476734046079, 0.010204179892018344): 0.008388037928519328
(0.010204179892018344, 0.010273263410504363): 0.007661437431594309
(0.010273263410504363, 0.010344608237715337): 0.011309740970448741
(0.010344608237715337, 0.010416699334361231): 0.010576221735959153
(0.010416699334361231, 0.010487839955221364): 0.010580080262677856
(0.010487839955221364, 0.010561070287617134): 0.010580080262677856
(0.010561070287617134, 0.010634375220640866): 0.009846827133479213
(0.010634375220640866, 0.010707732667433627): 0.013133892739875957
(0.010707732667433627, 0.010784708608957215): 0.012404232032105071
(0.010784708608957215, 0.010861825009700975): 0.01312910284463895
(0.010861825009700975, 0.01094474725781903): 0.012769062385990515
(0.01094474725781903, 0.011023369079122028): 0.010215249908792412
(0.011023369079122028, 0.011102753466436122): 0.012399708242159009
(0.011102753466436122, 0.01118285910162364): 0.015322874863188618
(0.01118285910162364, 0.011267603331244817): 0.016052535570959505
(0.011267603331244817, 0.011355439803689225): 0.01312910284463895
(0.011355439803689225, 0.011442938496423185): 0.015322874863188618
(0.011442938496423185, 0.011533659439660908): 0.009120758847136081
(0.011533659439660908, 0.01162579973573171): 0.01312910284463895
(0.01162579973573171, 0.011718736111489738): 0.01678219627873039
(0.011718736111489738, 0.011815324294216849): 0.014958044509303174
(0.011815324294216849, 0.0119157398251563): 0.01312910284463895
(0.0119157398251563, 0.012017585583132071): 0.01568770521707406
(0.012017585583132071, 0.012122564361141293): 0.013133892739875957
(0.012122564361141293, 0.012232468020115819): 0.01787016776075857
(0.012232468020115819, 0.01234685693276755): 0.015322874863188618
(0.01234685693276755, 0.012463052167264812): 0.0134987230937614
(0.012463052167264812, 0.012582619798419865): 0.016046681254558718
(0.012582619798419865, 0.012704562402283029): 0.012039401678219628
(0.012704562402283029, 0.01282958631093357): 0.016052535570959505
(0.01282958631093357, 0.012963417924258609): 0.015317286652078774
(0.012963417924258609, 0.013097402428125914): 0.016052535570959505
(0.013097402428125914, 0.013240175941829116): 0.01568770521707406
(0.013240175941829116, 0.0133950167796549): 0.016776075857038657
(0.0133950167796549, 0.013553658254873473): 0.014593214155417731
(0.013553658254873473, 0.013710792848869807): 0.0134987230937614
(0.013710792848869807, 0.01387628615899074): 0.014952589350838803
(0.01387628615899074, 0.01404728643378335): 0.015322874863188618
(0.01404728643378335, 0.014233214709233789): 0.020430499817584824
(0.014233214709233789, 0.014425935422348865): 0.017140773158278628
(0.014425935422348865, 0.01462315431803948): 0.016417365924844947
(0.01462315431803948, 0.01483395067719341): 0.01897117840204305
(0.01483395067719341, 0.015061815198326419): 0.015681983953318747
(0.015061815198326419, 0.015293994667694674): 0.012769062385990515
(0.015293994667694674, 0.015535437519357426): 0.011309740970448741
(0.015535437519357426, 0.015786272445291617): 0.011305616338439095
(0.015786272445291617, 0.016049733607146326): 0.016052535570959505
(0.016049733607146326, 0.016330178566267298): 0.01568770521707406
(0.016330178566267298, 0.01661840385870463): 0.017140773158278628
(0.01661840385870463, 0.016907989074629506): 0.019700839109813937
(0.016907989074629506, 0.01720908199903544): 0.011309740970448741
(0.01720908199903544, 0.017520225947180775): 0.01787016776075857
(0.017520225947180775, 0.01783959971975379): 0.01678219627873039
(0.01783959971975379, 0.018167287385211204): 0.014958044509303174
(0.018167287385211204, 0.01850047350357207): 0.018599562363238512
(0.01850047350357207, 0.018844828494447213): 0.014228383801532287
(0.018844828494447213, 0.019195647030218237): 0.014593214155417731
(0.019195647030218237, 0.019551232242338314): 0.016776075857038657
(0.019551232242338314, 0.019917021993598412): 0.012769062385990515
(0.019917021993598412, 0.020313765216930905): 0.018606348048157608
(0.020313765216930905, 0.02071386748340576): 0.019693654266958426
(0.02071386748340576, 0.02113141014117245): 0.018606348048157608
(0.02113141014117245, 0.0215687343502752): 0.018241517694272163
(0.0215687343502752, 0.022023694563709874): 0.01787016776075857
(0.022023694563709874, 0.02250275670759803): 0.019700839109813937
(0.02250275670759803, 0.02300753971109806): 0.02116016052535571
(0.02300753971109806, 0.023557178194706582): 0.022975929978118162
(0.023557178194706582, 0.024151088242024034): 0.01678219627873039
(0.024151088242024034, 0.024757114821830687): 0.023713973002553814
(0.024757114821830687, 0.025432133591949856): 0.0262582056892779
(0.025432133591949856, 0.026174253216994375): 0.01897117840204305
(0.026174253216994375, 0.026979580505771653): 0.025173294418095585
(0.026979580505771653, 0.02785286639612674): 0.025528811086797956
(0.02785286639612674, 0.028812010274518587): 0.025902955125866472
(0.028812010274518587, 0.029840443850023306): 0.021889821233126595
(0.029840443850023306, 0.03098985649475275): 0.02662290299051787
(0.03098985649475275, 0.0321379046181633): 0.02225465158701204
(0.0321379046181633, 0.033410797970869675): 0.024078803356439256
(0.033410797970869675, 0.03474016683646243): 0.023705324580598104
(0.03474016683646243, 0.03610769670233293): 0.025902955125866472
(0.03610769670233293, 0.03749765487272559): 0.02553812477198103
(0.03749765487272559, 0.03895662923483977): 0.024799416484318017
(0.03895662923483977, 0.04044624149364894): 0.027727106895293688
(0.04044624149364894, 0.042065923524854054): 0.03502371397300255
(0.042065923524854054, 0.0438248106911206): 0.0350109409190372
(0.0438248106911206, 0.04575314632035525): 0.03028091937249179
(0.04575314632035525, 0.04782634877247462): 0.03976650857351332
(0.04782634877247462, 0.0501414153523291): 0.040846097738876735
(0.0501414153523291, 0.05280623098862644): 0.04377964246625319
(0.05280623098862644, 0.05594964871516863): 0.04669828529733674
(0.05594964871516863, 0.059710311435136214): 0.05142231947483589
(0.059710311435136214, 0.06451343319638597): 0.06311565122218168
(0.06451343319638597, 0.07061519492540932): 0.07296607077708865
(0.07061519492540932, 0.07984731824369305): 0.08205689277899343
(0.07984731824369305, 0.09586107984848782): 0.1087194454578621
(0.09586107984848782, 0.13287593470396572): 0.15651222181685517
(0.13287593470396572, 0.5753634186819255): 0.25757022984312294
